-1 109 1109 Swift Black 700000 1 -1
-1 110 1110 Alto Black 200000 0 -1
-1 111 1111 Ritz Grey 400000 0 -1
-1 112 1112 Dzire Grey 800000 0 0
-1 113 1113 Innova Grey 1500000 0 1
-1 114 1114 Hexa Grey 2100000 0 1
-1 115 1115 Civic Blue 1200000 1 0
-1 116 1116 Santro Blue 600000 1 -1
-1 117 1117 Tavera Red 1200000 0 1
-1 118 1118 Swift Black 700000 1 -1
-1 119 1119 Alto Black 200000 0 -1
-1 120 1120 Ritz Grey 400000 0 -1
-1 121 1121 Dzire Grey 800000 0 0
-1 122 1122 Innova Grey 1500000 0 1
-1 123 1123 Hexa Grey 2100000 0 1
-1 124 1124 Civic Blue 1200000 1 0
-1 125 1125 Santro Blue 600000 1 -1
-1 126 1126 Tavera Red 1200000 0 1