1 1 1001 Swift Black 500000 0 -1
1 2 1002 Alto Black 200000 0 -1
1 3 1003 Ritz Black 400000 0 -1
2 4 1004 Dzire Black 800000 0 0
2 5 1005 Innova Black 1500000 0 1
2 6 1006 Hexa Black 2100000 0 1
3 7 1007 Civic Black 1000000 0 0
3 8 1008 Santro Black 400000 0 -1
3 9 1009 Tavera Black 1200000 0 1
4 10 1010 Swift White 500000 0 -1
4 11 1011 Alto White 200000 0 -1
4 12 1012 Ritz White 400000 0 -1
5 13 1013 Dzire White 1000000 1 0
5 14 1014 Innova White 1500000 0 1
5 15 1015 Hexa White 2300000 1 1
6 16 1016 Civic White 1000000 0 0
6 17 1017 Santro White 600000 1 -1
6 18 1018 Tavera White 1200000 0 1
7 19 1019 Swift Grey 700000 1 -1
7 20 1020 Alto Grey 200000 0 -1
7 21 1021 Ritz Grey 400000 0 -1
8 22 1022 Dzire Grey 1000000 1 0
8 23 1023 Innova Grey 1500000 0 1
8 24 1024 Hexa Grey 2300000 1 1
9 25 1025 Civic Grey 1000000 0 0
9 26 1026 Santro Grey 600000 1 -1
9 27 1027 Tavera Grey 1200000 0 1
10 28 1028 Swift Black 700000 1 -1
10 29 1029 Alto Black 200000 0 -1
10 30 1030 Ritz Black 400000 0 -1
11 31 1031 Dzire Black 800000 0 0
11 32 1032 Innova Black 1700000 1 1
11 33 1033 Hexa Black 2100000 0 1
12 34 1034 Civic Black 1000000 0 0
12 35 1035 Santro Black 600000 1 -1
12 36 1036 Tavera Black 1200000 0 1
1 37 1037 Swift Red 500000 0 -1
1 38 1038 Alto Red 200000 0 -1
1 39 1039 Ritz Red 400000 0 -1
2 40 1040 Dzire Red 800000 0 0
2 41 1041 Innova Red 1700000 1 1
2 42 1042 Hexa Red 2100000 0 1
3 43 1043 Civic Red 1000000 0 0
3 44 1044 Santro Red 400000 0 -1
3 45 1045 Tavera Red 1400000 1 1
4 46 1046 Swift White 500000 0 -1
4 47 1047 Alto White 200000 0 -1
4 48 1048 Ritz White 400000 0 -1
5 49 1049 Dzire White 1000000 1 0
5 50 1050 Innova White 1500000 0 1
5 51 1051 Hexa White 2300000 1 1
6 52 1052 Civic White 1200000 1 0
6 53 1053 Santro White 600000 1 -1
6 54 1054 Tavera White 1200000 0 1
7 55 1055 Swift Grey 700000 1 -1
7 56 1056 Alto Grey 200000 0 -1
7 57 1057 Ritz Grey 400000 0 -1
8 58 1058 Dzire Grey 1000000 1 0
8 59 1059 Innova Grey 1500000 0 1
8 60 1060 Hexa Grey 2300000 1 1
9 61 1061 Civic Grey 1000000 0 0
9 62 1062 Santro Grey 600000 1 -1
9 63 1063 Tavera Grey 1200000 0 1
10 64 1064 Swift Black 700000 1 -1
10 65 1065 Alto Black 200000 0 -1
10 66 1066 Ritz Black 400000 0 -1
11 67 1067 Dzire Black 800000 0 0
11 68 1068 Innova Black 1700000 1 1
11 69 1069 Hexa Black 2100000 0 1
12 70 1070 Civic Black 1000000 0 0
12 71 1071 Santro Black 600000 1 -1
12 72 1072 Tavera Black 1200000 0 1
1 73 1073 Swift Blue 700000 1 -1
1 74 1074 Alto Blue 200000 0 -1
1 75 1075 Ritz Blue 400000 0 -1
2 76 1076 Dzire Blue 800000 0 0
2 77 1077 Innova Blue 1700000 1 1
2 78 1078 Hexa Blue 2100000 0 1
3 79 1079 Civic Blue 1000000 0 0
3 80 1080 Santro Blue 400000 0 -1
3 81 1081 Tavera Blue 1400000 1 1
4 82 1082 Swift White 500000 0 -1
4 83 1083 Alto White 200000 0 -1
4 84 1084 Ritz White 400000 0 -1
5 85 1085 Dzire White 1000000 1 0
5 86 1086 Innova White 1500000 0 1
5 87 1087 Hexa White 2300000 1 1
6 88 1088 Civic White 1200000 1 0
6 89 1089 Santro White 600000 1 -1
6 90 1090 Tavera White 1200000 0 1
7 91 1091 Swift Grey 700000 1 -1
7 92 1092 Alto Grey 200000 0 -1
7 93 1093 Ritz Grey 400000 0 -1
8 94 1094 Dzire Grey 1000000 1 0
8 95 1095 Innova Grey 1500000 0 1
8 96 1096 Hexa Grey 2300000 1 1
9 97 1097 Civic Grey 1000000 0 0
9 98 1098 Santro Grey 600000 1 -1
9 99 1099 Tavera Grey 1200000 0 1
10 100 1100 Swift Black 700000 1 -1
10 101 1101 Alto Black 200000 0 -1
10 102 1102 Ritz Black 400000 0 -1
11 103 1103 Dzire Black 800000 0 0
11 104 1104 Innova Black 1700000 1 1
11 105 1105 Hexa Black 2100000 0 1
12 106 1106 Civic Black 1200000 1 0
12 107 1107 Santro Black 600000 1 -1
12 108 1108 Tavera Black 1200000 0 1